[246391, 246400, 246403, 246404, 246407, 246417, 246421, 246427, 246429, 246436, 246451, 246453, 246455, 246460, 246475, 246566, 246592, 246614, 246624, 246626, 246639, 246647, 246648, 246671, 246672, 246676, 246677, 246702, 246709, 246713, 246731, 246738, 246740, 246743, 246746, 246747, 246748, 246751, 246762, 246764, 246765, 246766, 246767, 246768, 246771, 246775, 246776, 246777, 246779, 246781, 246782, 246783, 246786, 246787, 246788, 246789, 246791, 246792, 246795, 246844, 246884, 246888, 246898, 246910, 246917, 246920, 246941, 247336, 1586893, 1586945, 1586953, 1586959, 1587119, 1587306, 1587325, 1587328, 1587418, 1587436, 1587441, 1587475, 1587508, 1587511, 1587517, 1587519, 1587521, 1587541, 1587549, 1587590, 1587602, 1587784, 1587786, 1587794, 1587796, 1587800, 1587812, 1588088, 1620199, 1620233, 1620245, 2042299, 2043560, 2043566, 2043691, 2043695, 2043708, 2043999, 2044048, 2044084, 2044863, 2123997, 2124213, 2124284, 2124533, 2124621, 2124691, 2124742, 2124817, 2124969]
Indexing document 246391 ...
Indexing document 246400 ...
Indexing document 246403 ...
Indexing document 246404 ...
Indexing document 246407 ...
Indexing document 246417 ...
Indexing document 246421 ...
Indexing document 246427 ...
Indexing document 246429 ...
Indexing document 246436 ...
Indexing document 246451 ...
Indexing document 246453 ...
Indexing document 246455 ...
Indexing document 246460 ...
Indexing document 246475 ...
Indexing document 246566 ...
